1587821818.5635324
1587821819.495612
1587821819.9046178
1587821820.6053824
1587821820.8630466
1587821821.4027762
1587821822.1952884
1587821822.8062646
1587821823.2454655
1587821823.9315932
1587821824.3327281
1587821824.7641206
1587821824.9973853
1587821825.858218
1587821826.2437387
1587821826.7512598
1587821826.994282
1587821827.3231936
1587821827.9380915
1587821828.455355
1587821828.7003317
1587821829.515338
1587821829.8637705
1587821830.1458344
1587821830.6182218
1587821831.169672
1587821831.5512764
1587821831.9631484
1587821832.4219182
1587821832.9202034
1587821833.3105943
1587821833.7868836
1587821834.319979
1587821834.8245707
1587821834.9729252
1587821835.4453065
1587821835.6971145
1587821836.178285
1587821836.5296443
1587821836.6848342
1587821836.8048754
1587821837.8579834
1587821838.2230039
1587821838.4133258
1587821838.9686692
1587821839.6196613
1587821840.0105755
1587821840.6518064
1587821840.9690065
1587821841.4150383
1587821841.872785
1587821842.3432188
1587821842.7433755
1587821843.050814
1587821843.595422
1587821843.900911
1587821844.6871219
1587821844.7944827
1587821844.95845
1587821845.5147715
1587821845.8729632
1587821846.3795073
1587821846.7991865
1587821847.094916
1587821847.4111392
1587821848.0523782
1587821848.5091403
1587821848.9990926
1587821849.3260522
1587821849.51735
1587821849.8462596
1587821850.2903402
1587821850.7070932
1587821851.1892383
1587821851.2878134
1587821851.7680066
1587821852.346781
1587821852.9196913
1587821853.3120382
1587821853.5843432
1587821853.920091
1587821854.456887
1587821854.5964572
1587821855.3265035
1587821855.8428085
1587821856.022395
1587821856.356699
1587821856.8349404
1587821857.386316
1587821857.8011177
1587821858.1856678
1587821858.6124692
1587821858.9540784
1587821859.4949584
1587821859.674544
1587821859.982959
1587821860.5766864
1587821860.9690385
1587821861.1076314
1587821861.895465
1587821861.9852571
