#WITHOUT AES
100             300         500         1000
1.891           3,184       13,063       25,933
2.1,046         4,478       13,334‬‬       28,651
3.679           4,338       13,634       28,224‬
4.882           4,655‬        7,833        24,495
5.619           3,639        9,977        15,339
Avg. 809      Avg.4058   Avg.11568    Avg.24528

#WITH AES
100             300         500         1000
1.409           2,095‬       12,809‬      29,574
2.1,969         4,419       12,341      24,578
3.890           5,485       10,545‬      22,371
4.790           7,510       10,025      22,204
5.711           5,456       12,856‬      21,219
Avg.953     Avg.4993    Avg.11715   Avg.23989
