1587819744.8387048
1587819745.210559
1587819745.7912784
1587819748.066849
1587819748.3884726
1587819748.6266181
1587819749.280538
1587819749.7822027
1587819749.9813063
1587819750.0906186
1587819750.4370995
1587819751.5019164
1587819752.0343893
1587819752.4052706
1587819752.9562447
1587819753.1973164
1587819753.331029
1587819753.6726286
1587819754.0122766
1587819754.2348042
1587819754.4944222
1587819754.6017811
1587819754.918005
1587819755.274248
1587819755.4372373
1587819755.7729838
1587819755.8578942
1587819756.1067731
1587819758.7969582
1587819758.8818693
1587819758.9736147
1587819759.3074057
1587819759.6646225
1587819760.0657585
1587819760.360511
1587819760.693327
1587819760.926591
1587819761.439972
1587819761.5951512
1587819762.2622771
1587819762.705381
1587819763.167027
1587819763.6032982
1587819764.0054152
1587819764.2289135
1587819764.6895883
1587819764.8974743
1587819765.3181307
1587819765.5221183
1587819765.6763234
1587819766.024758
1587819766.66846
1587819766.849995
1587819766.976876
1587819767.4248605
1587819767.6708121
1587819768.1274524
1587819768.2767806
1587819778.5599217
1587819778.7570753
1587819779.0518336
1587819779.2197053
1587819779.425638
1587819779.7887073
1587819779.9751241
1587819780.3606439
1587819780.8013387
1587819781.1487954
1587819781.4191487
1587819781.7578187
1587819782.0896602
1587819782.5844986
1587819782.8968117
1587819783.2979507
1587819783.8230367
1587819784.1343806
1587819784.3354359
1587819784.778546
1587819784.8639638
1587819785.0103633
1587819785.356845
1587819785.7784798
1587819785.8018994
1587819786.104459
1587819786.32211
1587819786.6656606
1587819786.9721246
1587819787.0716755
1587819787.4972231
1587819787.5684602
1587819787.9861877
1587819788.264352
1587819788.371709
1587819788.669389
1587819788.7718692
1587819789.0002537
1587819789.171056
1587819789.5565765
1587819789.7000463
1587819790.03384
1587819790.3041894
1587819790.6428616
1587819791.0825722
1587819791.3011963
1587819791.5012777
1587819791.65939
1587819792.0859005
1587819792.3152611
1587819792.7817907
1587819793.1028934
1587819793.4757268
1587819793.591882
1587819793.66019
1587819793.963728
1587819794.283854
1587819794.5034542
1587819794.7474542
1587819795.004142
1587819795.1261437
1587819797.9399517
1587819797.9497113
1587819798.0092502
1587819798.1175852
1587819798.2454412
1587819798.3908648
1587819798.7100182
1587819799.1677613
1587819799.4459207
1587819799.7611704
1587819800.0032175
1587819800.303827
1587819800.6220021
1587819800.6961787
1587819800.81525
1587819801.075843
1587819801.1773458
1587819801.3686419
1587819801.6311867
1587819801.9610746
1587819802.2089787
1587819802.7438283
1587819802.887299
1587819803.1225631
1587819803.3138597
1587819803.4944186
1587819803.7667263
1587819803.9853463
1587819804.1034436
1587819804.3240218
1587819804.8081224
1587819805.0208843
1587819805.2658613
1587819805.7892272
1587819806.0390804
1587819806.5036554
1587819806.7222807
1587819806.8071911
1587819807.034135
1587819807.202982
1587819807.5172546
1587819807.8485818
1587819808.3980665
1587819808.4771228
1587819808.8089628
1587819809.2037456
1587819809.212529
1587819809.6283054
1587819809.9796674
1587819810.2519696
1587819810.312481
1587819810.4344811
1587819810.493043
1587819810.8141463
1587819811.2445676
1587819811.3646111
1587819811.767699
1587819811.8955538
1587819812.2068982
1587819812.5992498
1587819812.795428
1587819812.986724
1587819813.3419876
1587819813.5245001
1587819813.7704515
1587819814.1998923
1587819814.53954
1587819815.0002124
1587819815.1593003
1587819815.4521003
1587819815.8473804
1587819816.0435565
1587819816.4241974
1587819816.7228565
1587819817.063478
1587819817.19719
1587819817.5944219
1587819817.9565175
1587819818.2707896
1587819818.5723734
1587819818.82711
